pygslib/data/sic97data_01/demstd.grd
ncols         376
nrows         253
xllcorner     -185556.375
yllcorner     -127261.5234375
cellsize      1009.975
NODATA_value  -9999
[rows 117 to 155 of 253, columns 264 to 351 of 376]
2895 2583 2304 2116 2198 2350 2262 2195 1972 1856 1447 1277 1238 1185 1123 1275 2390 2552 2101 1932 1510 1026 716 549 589 992 1173 1738 1593 1427 1818 1936 1601 1196 1344 1664 1565 1338 1197 1353 1240 1157 996 1010 1079 1606 1786 1957 1856 1648 2109 1889 1885 2103 2213 2440 2615 2444 2682 2491 2497 2701 2405 2092 2152 2642 2404 2619 2788 2463 2241 2679 2914 2968 3055 2581 2417 2544 2619 2588 2052 2212 2598 2527 2637 2949 2841 2518
2681 2844 2623 2596 2593 2805 2931 2981 2547 2833 2641 1998 1845 1343 1036 1635 2415 2564 2043 1917 1375 1072 546 591 640 977 1221 1663 1747 1539 1827 2050 1844 1328 1403 1908 1887 1482 1442 1644 1540 1429 1297 1133 1066 1096 1379 1611 1498 1689 2327 2255 2122 2162 2159 2375 2507 2363 2483 2818 2726 2716 2244 2447 2191 2601 2585 2598 2786 2499 2210 2346 2600 2711 3001 2629 2513 2637 2778 2561 2321 1986 2158 2219 2565 2716 2519 2267
2505 2590 2500 2057 2024 2336 2470 2742 2560 2459 2433 1972 1761 1107 1135 1977 2397 2354 1994 1781 1281 914 549 658 721 1168 1387 1578 1803 1694 2082 2187 1791 1522 1642 2063 2116 1661 1685 1839 1808 1715 1543 1373 1222 1021 1036 1194 1390 1740 2138 2391 2342 2329 2584 2456 2537 2311 2178 2453 2722 2637 2526 2701 2430 2387 2573 2677 2824 2465 2390 2554 2479 2586 2903 2705 2605 2817 2651 2150 2292 2084 1912 2133 2516 2676 2269 2153
2337 2554 2527 2489 2034 2112 2342 2688 2759 2466 2132 1817 1449 1122 1388 2033 2445 2125 1818 1609 1072 738 582 732 818 1113 1434 1800 1919 2041 2221 2093 1710 1935 1856 2246 2132 1809 1843 2001 1964 1845 1691 1627 1598 1350 1236 1101 1169 1313 1605 1756 1925 1844 2189 2546 2536 2192 2031 2369 2513 2662 2682 2933 2682 2350 2567 2901 2884 2460 2588 2879 2645 2645 2917 2788 2808 2554 2299 2046 1989 1860 1793 1953 2416 2626 2120 1651
2014 2144 2404 2419 2363 1804 2023 2453 2514 2457 2006 1733 1290 1406 1718 2257 2222 1908 1472 1263 743 555 589 756 890 1450 1751 2143 2258 2314 2169 2065 1999 2226 2102 2262 2088 1992 2136 2145 2101 2041 1828 1878 1872 1649 1892 1549 1292 1217 1263 1319 1418 1472 1748 1987 1909 1742 1687 2092 2472 2625 2736 2964 2799 2479 2527 2902 2808 2596 2894 2987 3079 2839 2732 2689 2936 2552 2351 2382 2342 2150 1721 1818 2119 2210 1864 1549
1845 1748 1918 2240 2212 1612 1677 2094 2289 2263 1840 1793 1299 1561 1935 2049 1911 1560 993 826 562 564 600 823 1109 1559 1960 1912 2118 2190 2247 2219 2178 2207 2176 2158 2098 2111 2213 2280 2177 2104 2236 2362 2245 2193 2094 1620 1407 1511 1429 1408 1446 1428 1429 1632 1680 1876 1959 2002 2399 2446 2688 2779 3001 2813 2686 2857 2948 2882 2907 2967 2566 2548 2349 2497 2905 2485 2507 2720 2636 2276 1605 1494 1688 1800 1661 1515
1784 1554 1579 1932 2070 1777 1546 1718 2099 2122 1720 1589 1350 1446 1827 1448 1261 1048 592 562 570 576 605 1156 1446 1696 1613 1547 1640 1787 1925 1901 1954 2054 2032 2180 2255 2227 1912 1949 2259 2264 2407 2468 2176 1892 1795 1532 1487 1856 1884 1854 2050 2008 1425 2198 2404 2322 2422 1992 2164 2352 2710 2889 3013 2987 2998 2879 2808 2909 2723 2746 2304 2238 2468 2567 2778 2656 2616 2407 2283 2250 1866 1633 1391 1412 1296 1251
1661 1532 1372 1277 1419 1323 1256 1280 1788 1823 1690 1424 865 1080 1106 881 758 577 567 569 581 587 631 1285 1408 1312 1243 1261 1429 1474 1716 1667 1740 1492 1616 1924 1987 1886 1792 2359 2487 2509 2580 2491 2265 1743 1640 1548 1680 1937 2275 2236 2388 2279 1586 1811 2498 2604 2659 2517 2636 2755 2948 2993 2839 2878 2674 2459 2580 2626 2483 2598 2155 2403 2794 2809 2512 2313 2303 2225 2112 1975 1908 1807 1441 1235 1123 1130
1560 1384 1248 1081 1072 999 977 985 1311 1345 1354 1162 773 729 628 583 575 571 646 684 997 1223 825 668 995 891 920 1084 1117 995 1082 1111 1195 1223 1397 1606 1781 1662 1916 2322 2283 2386 2564 2495 2247 1786 1617 1752 1924 1950 1943 2411 2400 2254 1804 1811 2411 2522 2510 2559 2541 2503 3029 2883 2640 2992 2685 2339 2603 2738 2549 2554 1982 2213 2585 2598 2458 2332 1998 1967 1916 1687 1562 1451 1192 1120 1453 1691
1343 1265 1185 1085 1054 940 865 791 903 896 840 802 645 604 594 583 579 624 699 986 1528 1435 961 764 823 1298 1320 1266 1150 1111 1255 1277 1323 1405 1301 1397 1462 1625 1783 2009 2114 2266 2550 2418 2114 1861 1555 1892 2153 2312 2206 2311 2624 2653 2338 1999 2182 2153 2198 2295 2356 2561 2663 2525 2654 2843 2598 2188 2212 2565 2804 2535 2171 2086 2434 2342 2272 2240 1920 1661 1618 1446 1326 1215 1168 1264 1882 2108
1310 1194 1108 1049 1021 979 909 794 798 681 657 640 585 622 628 701 932 975 1109 1409 1648 1411 977 1119 1591 1635 1596 1486 1358 1402 1627 1672 1779 1855 1641 1483 1668 1830 1875 1817 2004 2386 2323 2247 1848 1648 1609 1937 2018 2095 2254 2450 2679 2842 2497 2227 1990 2477 2696 2898 2841 2822 2620 2371 2200 2487 2667 2539 2004 2540 2584 2515 2208 1958 2078 1974 1981 1943 1743 1408 1368 1168 1161 1262 1683 1549 1771 2103
1294 1095 1094 1098 1011 902 881 745 722 741 674 660 636 598 721 1548 1716 1780 1832 2104 1656 1382 1037 1338 1819 1913 1951 1709 1595 1870 1991 2080 2065 2007 1736 1417 1762 1979 2059 2044 2223 2367 2099 1956 1631 1560 1720 1818 1845 1841 2028 2397 2553 2759 2426 2275 2061 2150 2250 2586 2718 2459 2775 2837 2029 2409 2717 2404 1927 2350 2251 2269 2306 1752 1836 1782 1647 1636 1418 1233 1192 1312 1408 1684 2016 2136 1563 1973
1096 975 951 887 784 787 718 656 842 1085 1096 842 620 733 1383 1602 1852 1969 1954 2093 1767 1525 1132 1363 1823 2243 2226 2119 1871 2045 2351 2298 2066 1927 1617 1469 1852 2187 2294 2434 2438 2238 1898 1721 1539 1612 1627 1986 2229 2039 1887 2164 2517 2653 2721 2468 2386 2704 2417 2766 2853 2344 2527 2591 1890 2124 2388 2244 1821 2081 1956 1973 2121 1673 1618 1605 1318 1299 1293 1262 1418 1517 1678 2059 2292 2101 1549 1681
982 905 747 705 821 1100 1268 1001 763 1214 1382 1046 690 627 1208 1509 1583 1750 1870 2124 1935 1670 1211 1332 1731 2151 2204 2248 1987 2189 2437 2174 1914 1798 1599 1675 2050 2197 2417 2425 2482 2312 1842 1568 1730 1978 2008 1682 1965 2441 2262 1963 2128 2502 2610 2503 2680 2510 2552 2694 2852 2369 2220 2410 2038 1806 1767 1736 1632 1637 1666 1600 1597 1512 1345 1347 1354 1421 1529 1492 1533 1756 1985 2270 2517 2043 1953 1808
723 809 977 1082 1000 1441 1560 1074 947 1139 1651 1307 790 624 1167 1299 1276 1615 1937 2252 1852 1583 1284 1249 1570 1740 2300 2225 2028 2357 2204 1990 1852 1724 1656 1833 2278 2620 2539 2303 2218 2025 1651 1520 1954 2124 2394 1739 1740 2323 2463 2395 2262 2353 2735 2682 2598 2460 2168 2412 2621 2688 2501 1929 1892 1634 1433 1420 1439 1437 1416 1389 1378 1346 1318 1464 1468 1563 1733 1579 1853 2353 2256 2898 2719 2111 2307 2643
1032 1306 1501 1456 1288 1547 1633 1341 1280 1041 1747 1478 1200 921 761 973 1144 1571 1800 2358 1907 1863 1627 1451 1483 1664 2245 2398 2247 2265 2127 1880 1840 1742 1873 2094 2321 2420 2373 2303 2078 1806 1527 1597 2006 2171 2422 2544 2098 1871 2167 2608 2405 2264 2808 2844 2786 2734 2421 2201 2262 2362 2254 1837 1447 1422 1554 1636 1768 1740 1801 1731 1696 1722 1657 1804 1687 1770 2145 1926 1708 2588 2738 2807 2908 2753 2718 2579
1524 1637 1789 1654 1433 1637 1981 1677 1322 914 1834 1706 1128 832 634 861 1094 1451 1614 2095 2295 2132 1765 1627 1487 1613 2173 2522 2504 2346 2164 2097 2155 1842 2056 2375 2540 2490 2257 2097 2004 1603 1672 2049 1688 1836 2280 2421 2282 1836 1916 2549 2659 2344 2748 2669 2637 2483 2082 1884 1894 1891 1788 1514 1450 1677 2015 1924 2245 2237 2211 2110 1953 2111 2221 1766 2076 2133 2660 2349 1703 2199 2476 2815 2891 2850 2891 2655
1648 1793 2051 2112 1905 1874 2128 1776 1570 985 1915 1705 1160 895 625 798 919 1430 1561 1735 2047 2222 1817 1655 1541 1687 2159 2575 2448 2263 2211 2352 1908 2004 2200 2297 2522 2356 1972 1766 1637 1614 1821 2226 1892 1744 2202 2438 2409 2127 1881 2397 2586 2500 2410 2302 2201 2039 2168 2151 2290 1971 1934 1447 1512 2284 2591 2158 2543 2457 2464 2335 1960 2336 2286 1916 2452 2603 2813 2442 1685 1941 2587 2627 2370 2646 2769 2878
1304 1386 1811 2132 2401 2142 1970 1617 1415 1211 1910 1692 1199 974 628 660 812 1199 1419 1968 2200 2109 1711 1561 1555 1778 2243 2748 2636 2524 2583 2333 2146 2445 2468 2489 2334 2322 2233 1893 1614 1694 1878 2347 2148 1847 2107 2317 2627 2189 2038 2223 2494 2828 2636 2475 2107 2246 2695 2486 2769 2444 2213 1468 1557 2263 2738 2397 2716 2482 2698 2352 2037 2609 2390 2028 2329 2852 2539 2242 1679 1750 2185 2167 2068 2458 2588 2749
1158 1291 1676 2020 2648 2229 1864 1309 1160 1606 1984 1673 1206 967 637 635 766 1291 1606 2163 2317 2022 1611 1504 1614 1798 2401 2557 2779 2594 2360 2340 2595 2568 2364 2082 2119 2217 2030 1791 1434 1893 1961 2389 2406 2093 2000 2266 2603 2502 2279 2018 2347 2862 2697 2743 2180 2444 2825 2706 2763 2334 1980 1468 1730 2412 2729 2630 2771 2650 2703 2476 2290 2810 2684 2044 2149 2722 2243 2007 1926 1894 1935 1985 2235 2512 2507 2523
1434 1472 1976 2335 2598 2138 1841 1181 1408 2013 1940 1633 1230 1003 643 639 721 1137 1599 1778 1961 1966 1603 1520 1528 1659 2135 2507 2591 2448 2522 2527 2465 2368 2188 1872 1863 1819 1902 1473 1536 2053 2316 2457 2525 2272 1956 2284 2596 2496 2451 2004 2145 2794 2806 2601 2315 2517 2876 2658 2400 1967 1909 1504 1642 2282 2565 2734 2657 2447 2522 2637 2330 2841 2827 2283 2099 2272 2033 1993 2079 2241 2001 1980 2226 2681 2821 2804
1884 1914 2187 2529 2312 1754 1633 1239 1613 1987 1819 1595 1278 1085 671 649 697 1061 1240 1600 1666 1973 1631 1542 1459 1633 2479 2546 2546 2167 2264 2086 1990 2007 1876 1862 1529 1534 1781 1484 1638 1965 2205 2560 2714 2434 1931 2061 2373 2572 2735 2301 2150 2473 2565 2374 2632 2717 2822 2740 2275 2382 2231 1704 1452 1739 1941 2135 2166 2150 2666 2636 2711 2709 2842 2259 2118 2296 2361 2390 2268 2072 2341 2364 1979 2355 2575 2918
1568 1812 2132 2308 2145 1862 1424 1408 1680 1952 1810 1539 1199 1029 754 745 671 735 879 1389 1505 1731 1614 1313 1431 1585 2322 2639 2381 2014 1955 1879 1698 1669 1677 1668 1389 1366 1388 1859 1790 2022 2115 2468 2664 2477 2138 2420 2165 2432 2849 2355 2362 2532 2753 2561 2697 2883 2742 2600 2535 2687 2371 1670 1436 1489 1558 1782 1953 2184 2487 2578 2840 2769 2813 2452 2403 2483 2640 2407 2330 2108 2611 2509 2102 2173 2243 2486
1735 1827 1974 2235 2117 1891 1407 1675 1987 1893 1699 1470 1218 1102 844 728 836 897 806 855 1085 1326 1243 1225 1422 1535 2160 2412 2054 1841 1677 1744 1684 1637 1393 1267 1279 1492 1632 1871 2146 1981 2248 2474 2569 2308 2520 2727 2370 2335 2883 2560 2728 2868 2968 2746 2792 2986 2871 2781 2349 2213 2035 1511 1527 1808 1661 1675 1805 1997 2035 2170 2461 2310 2699 2631 2615 2661 2794 2705 2357 2246 2701 2642 2216 2401 2505 2297
1412 1801 2239 2455 2075 1681 1301 1997 1934 1663 1556 1364 1108 967 899 895 1055 1301 1213 1138 885 1006 952 1276 1341 1395 1844 2020 1792 1579 1488 1635 1503 1269 1132 1158 1612 1868 2105 2058 2441 2016 2178 2676 2674 2489 2771 2678 2671 2524 2894 2553 2732 2860 2724 2798 2697 2586 2505 2526 2297 1997 1621 1591 1837 2044 1751 2152 1693 1868 1933 2023 2077 2369 2485 2252 2374 2718 2589 2777 2709 2578 2817 2593 2117 2328 2474 2508
1870 1742 2369 2214 1752 1511 1392 1876 1862 1583 1425 1185 1189 1265 1280 1045 832 1382 1902 1491 1203 1010 851 979 1251 1276 1543 1686 1475 1208 1179 1202 1144 1080 1143 1451 2035 2221 2433 2495 2506 2315 2533 2525 2615 2858 2452 2529 2608 2723 2670 2263 2243 2607 2748 2707 2561 2625 2425 2189 1867 1675 1568 1920 2181 2124 1822 2409 2414 1688 1869 2071 1921 2134 2068 2140 2125 2563 2744 2331 2641 2859 2597 2418 2146 2382 2620 2900
2066 2061 2224 2036 1592 1371 1869 1620 1915 1741 1555 1452 1584 1738 1632 1351 915 1335 1711 1577 1364 1361 1290 966 960 1076 1190 1170 1098 1028 1083 973 967 1040 1034 1597 2155 2280 2257 2415 2553 2460 2349 2489 2711 2630 2357 2673 2567 2386 2445 2543 2157 2388 2550 2749 2726 2274 2410 2184 1646 1575 1922 2007 2127 2259 1901 2331 2492 1890 1742 1934 1802 1805 1868 1901 1986 2363 2669 2193 2470 2695 2464 2310 2368 2255 2537 2697
2290 2403 2031 1849 1427 1723 2150 1770 1855 2006 1925 1834 2011 2069 1754 1414 1102 1497 2015 1811 1704 1771 1594 1286 965 878 929 956 927 948 983 1071 1248 1421 1317 1287 1773 1778 1949 2191 2188 2182 2354 2295 2262 2048 2373 2858 2503 2648 2791 2728 2347 1916 2033 2356 2490 2529 2040 1868 1593 1756 2114 2278 2269 2307 2024 2232 2558 2073 1689 1747 1863 2051 2095 2035 1937 2019 2140 2279 2453 2293 2345 2403 2277 2245 2437 2637
2677 2298 1873 1719 1610 1852 2465 1962 2113 2652 2458 2246 2114 1887 1595 1438 999 1351 2134 2090 2067 1908 1720 1458 1191 968 1100 1189 1377 1268 1464 1419 1719 1678 1715 1260 1286 1504 2020 2073 1989 2012 1886 1826 1862 2062 2186 2599 2580 2703 2880 2743 2504 2279 2086 1830 1943 2271 2204 1701 1743 1913 2426 2476 2521 2442 2387 2050 2557 2319 1712 1777 2092 2336 2445 2363 2221 2019 2078 2207 2083 2024 2106 2188 2036 2142 2581 2735
2652 2335 1863 1652 2007 2069 2581 2384 2474 2553 2393 2101 1991 1728 1345 1175 1079 1370 1919 2266 2255 1957 1861 1602 1488 1130 1205 1575 1686 1675 1914 1653 1901 1848 1889 2321 1653 1444 1580 1655 1592 1640 1896 2107 2181 2113 2303 2640 2667 2764 2807 2689 2334 2627 2457 2064 1810 1736 1710 1624 1921 2243 2705 2737 2686 2606 2367 2037 2408 2336 2066 1739 1911 2134 2300 2117 2440 2206 2261 2382 2347 1860 1719 1692 1849 2021 2378 2432
2481 2300 1845 1689 2195 2623 2641 2548 2570 2311 2213 1962 1800 1565 1139 961 1142 1374 1803 2246 2334 2048 1959 1692 1569 1333 1242 1666 2104 2000 2359 2239 2301 2263 2027 2364 2156 1621 1369 1435 1778 2021 2346 2491 2590 2111 2385 2885 2849 2909 2900 2751 2565 2642 2648 2272 2118 1846 1712 1674 2168 2398 2889 2736 2855 2682 2335 2178 2583 2421 2172 2037 1756 1793 1929 2065 2353 2249 2336 2711 2613 2078 1960 1785 1674 1786 1978 2083
2596 2237 1831 1692 2364 2874 2636 2543 2463 2294 2158 1828 1687 1358 1031 946 1472 1829 2147 2249 2445 2158 2076 1829 1697 1361 1129 1389 2025 2203 2634 2551 2462 2472 2309 2481 2314 2006 1496 1433 1854 2085 2495 2590 2679 2174 2339 2762 3143 2957 2735 2861 2747 2733 2403 2084 2041 1726 1648 1923 2433 2600 2708 2520 2732 2978 2663 2466 2837 2785 2563 1840 2249 2305 1797 1957 2156 2315 2312 2632 2666 2433 2300 2036 1722 1618 1671 1749
2589 2243 2031 1703 2501 2883 2490 2356 2238 2106 2103 1892 1586 1305 1009 1012 1633 2078 2275 2273 2611 2265 2144 1814 1653 1349 1143 1235 1802 1955 2424 2678 2567 2590 2380 2779 2623 2311 1914 1500 1846 1921 2101 2478 2615 2349 2435 2897 2968 2804 2543 2579 2499 2379 2077 1817 1707 1703 1789 1815 2067 2142 2173 2329 2656 2798 2616 2757 2860 2476 2206 1736 2571 2612 2089 1846 2420 2528 2228 2384 2590 2703 2532 2267 1974 1810 1625 1577
2387 2200 2035 1738 2362 2703 2581 2432 2253 2022 1921 1853 1862 1428 961 1030 1793 1990 2303 2521 2577 2141 1966 1789 1703 1478 1176 1227 1570 1855 2370 2439 2468 2666 2636 3007 2850 2628 2119 1638 2278 2433 2528 2473 2571 2628 2575 2953 2861 2604 2289 2309 2287 2109 1854 1674 1695 1929 2183 1946 1887 1984 2265 2167 2413 2835 2447 2158 2358 2688 2347 1916 2714 2775 2115 1978 2573 2279 2165 2081 2184 2445 2613 2482 2203 2061 1826 1792
2531 2243 2144 1810 2141 2471 2538 2414 2356 2284 2226 2075 1933 1368 1022 1228 2089 2208 2266 2359 2545 2054 2049 2006 1885 1575 1249 1190 1450 1766 2125 2041 2481 2548 2523 2714 2828 2508 2097 1776 1887 2038 2340 2471 2789 2956 2906 2654 2545 2477 2458 2256 2065 1925 1707 1767 1938 2225 2501 2245 2044 2379 2698 2607 2324 2698 2686 2375 2061 2584 2190 2054 2431 2745 2158 1923 2395 2067 2508 2472 2273 2208 2509 2810 2714 2430 2127 1938
2571 2305 2163 1904 2457 2736 2487 2327 2240 2142 2109 2031 2014 1499 1101 1513 2210 2454 2489 2470 2479 2217 2358 2219 2060 1588 1448 1315 1221 1516 1849 1779 1933 2123 2242 2880 2803 2370 2215 2002 1811 1851 2162 2363 2679 2497 2406 2315 2314 2198 2177 2204 1860 1727 1719 2195 2389 2437 2671 2272 2330 2256 2444 2764 2703 2793 2559 2632 1987 2363 2074 2181 2529 2935 2426 2041 2018 2209 2762 2759 2783 2148 2182 2532 2669 2417 1986 1849
2676 2467 2430 2507 2505 2524 2703 2505 2078 1773 1794 2047 1915 1451 1157 1452 2015 2072 2257 2421 2484 2428 2542 2214 2032 1599 1571 1652 1260 1232 1548 1743 2021 2137 2156 2627 2814 2534 2492 2092 2390 2136 2087 2073 2274 2369 2414 2429 2430 2491 2083 1720 1766 1752 2407 2674 2724 2663 2744 2539 2467 2568 2307 2563 2848 2739 2343 2546 2276 1926 1736 2362 2708 2714 2279 2055 1923 2197 2770 2882 2816 2334 2313 2230 2253 2207 2324 2224
2605 2536 2400 2350 2133 2106 2454 2330 1766 1597 1403 1410 1549 1337 1396 1263 1786 2100 2358 2377 2577 2523 2394 2127 1991 1656 1830 1958 1496 1297 1640 1892 2083 2406 2284 2388 2683 2739 2614 2279 2645 2589 2398 2321 2495 2586 2584 2063 2193 2120 1853 1704 2106 1950 2227 2457 2634 2774 2695 2721 2593 2717 2517 2644 2646 2502 2158 2089 2220 1736 1736 2372 2505 2788 2451 2275 1935 1986 2453 2508 2901 2386 2660 2452 2482 2666 2694 2682
2363 2309 2401 2445 2232 2000 1848 1735 1458 1423 1533 1510 1588 1729 1786 1321 1781 2086 2541 2553 2693 2540 2317 1999 1882 2008 2211 2153 1694 1427 1711 1891 2250 2319 2546 2285 2540 2747 2589 2636 2809 2694 2378 2121 2529 2331 2051 1817 1814 1728 1701 1888 2434 2382 2016 2035 2180 2620 2743 2821 2741 2753 2529 2697 2376 2187 2044 1946 1823 2068 2247 1984 2196 2397 2527 2541 2096 1964 2255 2500 2861 2676 2703 2866 2824 2443 2564 2709
