pygslib/data/sic97data_01/demstd.grd
ncols         376
nrows         253
xllcorner     -185556.375
yllcorner     -127261.5234375
cellsize      1009.975
NODATA_value  -9999
[rows 117 to 155 of 253, columns 176 to 263 of 376]
1533 1571 1537 1396 1592 1406 1423 1656 1569 1542 1300 1059 719 570 462 568 568 690 845 1105 1355 1233 1263 1130 515 643 1414 1512 1538 1830 1927 2080 1828 1591 1080 986 937 846 836 434 434 434 872 1104 1540 1722 1868 1983 2070 2022 1913 1634 2000 2009 2111 2131 2062 1443 1222 1475 1829 1875 2288 2331 1922 1670 1466 1153 966 780 1122 1358 1234 1794 2205 2323 2419 2397 2049 1524 1408 1112 1040 1233 1509 1886 2050 2388
1677 1843 1541 1432 1475 1492 1571 1465 1411 1313 1105 930 647 490 494 564 581 780 977 1404 1367 1352 1451 1103 518 793 1539 1810 1866 2142 2073 1788 1503 1318 1055 1266 1166 1327 1187 434 434 434 1064 1433 1637 1769 1699 1780 1743 2040 2005 1934 2073 2227 2081 1969 1825 1522 1466 2062 2132 2258 2154 1725 1383 1353 1332 1368 945 888 1100 1797 1630 1567 2212 2305 2086 2090 1820 1362 1170 1222 1470 1808 1636 1876 2440 2583
1827 1842 1562 1595 1462 1661 1511 1295 1223 1064 922 808 559 472 527 603 700 890 1096 1584 1512 1534 1127 802 629 844 1169 1475 1785 2184 2041 1716 1497 1375 1376 1816 1163 1497 1064 434 434 437 896 1281 1671 1634 1356 1536 1567 1865 1925 2109 2267 2360 2171 2111 1716 1737 1697 2157 2232 2020 1759 1363 1523 1664 1888 1861 980 979 1279 1824 1882 1478 2133 2354 2013 1805 1554 1263 1254 1731 2078 2147 2097 2289 2601 2435
1693 1701 1562 1439 1349 1417 1336 1154 1067 924 804 692 469 479 565 693 795 971 1188 1774 1623 1537 917 552 955 1179 908 1323 1489 1690 1791 1774 1893 1439 1538 1797 1228 1582 1567 676 438 439 459 735 1144 1096 1044 1240 1226 1555 1596 1744 1906 2186 2537 2356 1998 2060 2040 2313 2264 1533 1397 1612 1869 1967 1901 1751 1006 1129 1523 2178 2307 1656 2496 2441 1912 1641 1455 1424 1800 2144 2475 2391 2326 2699 2431 2178
1566 1687 1607 1550 1526 1176 1095 981 894 788 632 528 469 497 639 758 827 1324 1557 1895 1775 1386 766 611 905 1060 938 1486 1635 1981 2208 1801 1506 1310 1759 1917 1314 2037 2041 1030 636 450 453 474 655 637 744 821 826 1194 1294 1440 1656 1783 1971 2000 2086 1987 2368 2318 1980 1500 1734 1963 2005 1825 1668 1558 890 1585 1750 2471 2518 1950 2713 2562 2118 2016 2201 1939 2523 2759 2708 2521 2433 2391 2403 2298
1651 1626 1659 1598 1503 1109 975 799 740 617 469 469 471 520 699 814 1142 1592 1708 1945 1919 1397 575 618 1019 1325 1625 1671 1776 2100 2227 2049 1578 1456 2069 2457 1979 2353 1845 1041 1040 457 459 476 561 712 924 1158 1054 961 989 1189 1382 1409 1422 1476 1519 1674 1927 1920 1783 1961 1995 2335 2124 2173 1863 1591 1067 1800 2186 2471 2437 2953 2513 2685 2430 2443 2361 2492 2700 2509 2501 2387 2266 2229 2167 2140
1560 1480 1599 1478 1235 1043 900 616 555 469 469 469 538 649 910 863 913 1285 1236 1774 1922 1036 603 870 1542 1744 2252 1967 2053 2286 2411 2327 1945 1813 2366 2724 2355 1590 1353 1357 1439 571 459 468 695 1031 1181 1470 1639 1395 1403 1130 1055 1139 1193 1218 1489 1868 2108 2129 2053 2152 2265 2656 2540 2517 1827 1286 2166 1721 1927 2341 2389 2867 2470 2385 2399 2218 2458 2473 2502 2264 2266 2274 2124 2086 1963 1932
1619 1488 1384 1314 1049 868 727 501 488 469 473 566 707 878 1184 1283 947 1023 1315 1806 1558 1090 622 1004 1537 1804 2449 2403 2235 2337 2518 2468 2546 2475 2408 2532 2621 1487 1441 1667 1383 735 464 482 848 994 1306 1480 1920 1781 2150 1799 1508 1786 2127 2023 2295 2244 2689 2685 2760 2898 2894 2407 2289 2241 1337 1363 2776 2130 1868 2023 2469 2779 2472 2332 2310 2122 2337 2210 2274 2016 2079 2383 2296 2060 1814 1714
1595 1468 1240 1153 928 690 596 505 483 473 709 798 1000 1200 1515 1497 1190 998 1260 1713 1500 1411 691 863 1582 1779 2055 1885 1927 2205 2247 2434 2737 2604 2541 2672 2451 1754 1785 1568 1465 892 459 463 1607 1873 1860 1973 2184 2315 1906 1638 1314 1882 2291 2591 2390 2396 2954 2933 2967 2923 2744 2122 1976 1854 1397 1779 2851 2585 2258 2016 2625 2599 2588 2415 1944 1617 2024 1873 2152 1836 1927 2287 2315 2220 2034 1839
1524 1434 1203 1133 1097 719 568 501 487 636 1016 1231 1338 1453 1880 1268 889 1310 1566 2111 2148 1868 958 913 1252 1388 1333 1360 1721 2269 2411 2546 1924 1803 1974 2063 2351 1819 1980 2277 2039 1250 468 465 1149 1771 2193 2181 2284 2063 2052 1517 1401 1808 2373 2556 2965 2959 2820 2835 2867 2893 2595 2123 2331 2262 1739 1808 2855 2634 2231 2201 2570 2494 2380 2359 2186 1850 1669 1733 2138 1943 1779 2156 2220 1976 1946 1737
1557 1540 1564 1472 1433 954 1024 625 598 1268 985 1226 1805 1971 1544 1206 972 1492 1817 2030 1846 1391 1155 1001 997 1006 1029 1485 1838 1983 2211 2487 1794 1753 2021 2265 2507 2406 2362 1633 1541 1086 617 467 976 1229 1820 2160 2252 2139 2024 1566 1563 2190 2711 2669 2673 2888 2749 2660 2757 2763 2519 2585 2682 2419 2015 1957 2735 2422 2194 2510 2439 2489 2358 2054 2073 1896 1381 1612 2203 2020 1801 1972 2012 1750 1693 1653
1421 1492 1721 1781 1371 1345 1111 690 775 1721 1158 1124 1689 1932 1851 1073 1016 1602 1994 2374 2292 1493 1285 1210 1225 1218 1024 1138 1470 1798 2141 2126 1572 1844 2588 2797 2067 1725 1650 1155 1097 1091 1038 593 582 910 1406 1677 2058 2332 2656 1961 2092 2820 2545 2294 2159 2316 2576 2666 2838 2671 2756 3302 3051 2480 2278 2955 2792 2543 2481 2395 2198 2183 2280 1993 1638 1681 1263 1478 2021 1951 1746 1803 1838 1445 1447 1491
1491 1501 1793 1857 1543 1305 867 707 1022 1785 1172 1234 1703 1879 1664 1077 1115 1671 1860 2167 2360 1954 1502 1715 1278 1315 1423 1117 1097 1698 1891 1688 1612 2086 2951 2511 1790 1736 1868 1697 1534 1812 1325 984 477 596 1244 1826 2124 2658 2498 2492 2474 2393 2263 1801 2240 2332 2549 2726 2821 2326 2448 3288 2960 2768 3071 3161 2809 2618 2147 1961 1918 1803 2104 2118 1654 1583 1251 1217 1741 1667 1668 1666 1840 1439 1234 1254
1899 1759 1960 1824 1628 1075 749 843 1083 1840 1272 1615 1723 1828 1607 1320 1322 1824 1987 2385 2447 2469 1687 1738 1763 1692 2005 1551 1485 1175 1288 1340 1821 2206 2629 2484 2161 1960 2004 2175 2336 2157 1864 1233 496 550 1285 1705 2712 2395 2393 2151 2125 1946 1593 1631 2693 2749 2867 2356 2460 2176 2433 3013 3185 2953 2785 2848 2500 2378 2231 2262 2073 1612 1777 2001 1638 1505 1340 1113 1426 1304 1435 1464 1603 1357 935 1007
1998 2011 1858 1704 1425 756 689 866 1118 1680 1405 1772 1894 1958 1584 1721 1791 2065 2278 2163 2168 2232 2421 2086 1825 1940 2395 2528 1920 1587 1473 1943 2360 2616 2845 2751 2657 2674 2592 2399 2190 2067 2019 1541 622 534 1218 1650 2257 2037 2163 1945 1831 1478 1653 2079 2783 2849 2686 2429 2095 2051 2330 2752 2817 2700 2408 2748 2905 2857 2539 2410 2255 1789 1520 1752 1566 1414 1263 1042 1055 1074 1158 1121 1214 1149 692 686
1579 1610 1767 1578 1042 738 713 1080 1441 1723 1473 1687 2167 2008 1823 1992 2061 2056 2020 2002 1857 1984 2161 2173 2227 2127 2557 2764 2111 2242 2262 2448 2830 2853 2866 2849 2531 2762 2558 2281 2217 1728 1859 1493 685 515 1157 1465 1636 1521 1549 1453 1243 1351 1815 1974 2587 2713 2256 2545 2253 1908 2233 2472 2463 2838 2336 2320 2619 2498 2267 2116 1958 1639 1483 1479 1389 1200 1028 772 856 1004 985 713 709 706 706 772
1276 1200 1734 1769 1188 922 894 1358 1543 1880 1747 1624 2237 2050 1941 1898 1932 2011 1979 1678 1760 1902 2050 2185 2561 2662 2669 2628 2543 2715 2688 2694 2507 2517 2544 2875 2225 2486 2500 2343 2117 1859 1563 1305 682 529 774 934 1079 1098 1186 1263 1390 2038 2295 1999 2519 2760 2198 2232 2230 1888 2269 2685 2683 2483 2367 1890 2129 2097 1957 1733 1439 1156 1116 1044 951 798 842 1091 1204 1247 1244 1190 1124 807 775 1040
896 847 1196 1346 1200 966 1088 1394 1524 1604 1803 1906 2086 2103 2336 2064 2043 1971 1673 1724 1861 2205 2567 2725 2559 2215 2152 2454 2680 2473 2640 2462 1927 2115 2554 2724 2235 2291 2391 2084 1797 1582 1360 890 669 823 1249 1184 1049 1318 1351 1759 1984 2570 2454 2077 2811 2646 2377 1874 1816 1782 2101 2520 2211 1983 1730 1726 1262 1233 1168 1136 1047 855 843 821 924 1017 1311 1320 1433 1551 1566 1387 1276 993 776 1211
652 662 747 940 974 1052 1082 1084 1160 1402 1615 1762 1779 1795 2136 2379 2116 1573 1430 2123 2313 2534 2435 2026 1651 1713 2182 2833 2745 2101 2259 2248 1782 1936 2272 2435 2261 1875 1753 2149 2065 1598 1259 669 1044 1360 1906 1870 1247 1695 1814 2293 2458 2776 2315 2422 2506 2383 2541 2636 2512 1813 1486 2178 2034 1765 1350 1318 1022 904 858 847 868 1069 1156 1218 1262 1269 1445 1529 1611 1657 1796 1589 1478 1117 881 1158
580 580 580 581 598 647 732 917 969 1196 1391 1459 1789 1864 2132 2117 1568 1452 1879 2184 1828 1599 1609 1530 1891 2067 2548 2665 2660 2015 1817 1789 1770 1757 1996 2132 2293 2306 1968 1731 2025 1283 871 1062 1845 2313 2623 2222 1464 2123 2472 2655 2685 2883 2661 2644 2665 2657 2406 2455 2135 1813 1367 1842 1708 1386 1073 990 868 914 932 1113 1230 1475 1502 1417 1520 1506 1702 1756 1852 1969 1759 1531 1402 1112 853 1012
572 576 578 580 588 586 586 619 813 1037 1180 1402 1767 1984 1955 1710 1278 1844 1898 1584 1358 1220 1739 1792 1729 1783 1907 2023 2258 1996 2354 2409 2291 2060 1665 1473 1480 1576 2022 1825 1410 807 825 1557 1847 2186 2712 2366 1893 2069 2335 2381 2401 2801 2669 2557 2429 2341 2243 2041 1944 1652 1233 1308 1207 1132 895 911 1266 1426 1196 1559 1624 1845 1884 1558 1691 1685 1751 1971 1927 1794 1582 1340 1251 893 875 1299
1895 1889 1509 1522 1485 1319 1149 791 605 618 731 929 1354 1282 1163 1112 948 973 1003 1260 1533 2147 2359 2316 2215 2186 2062 2110 2482 2247 2458 3089 2562 2418 2245 1938 1407 1277 1378 1668 1277 878 1460 1701 1980 2226 2508 2400 2185 2068 2303 2144 2254 2800 2639 2282 2172 2046 2047 1794 1698 1322 1032 991 983 918 944 1218 1764 1837 1508 1818 2008 2083 2007 1678 1894 1888 1827 1990 1767 1643 1409 1202 1071 873 1123 1338
1916 1770 1765 2103 1758 1811 1724 1227 1007 714 745 644 814 840 866 912 1218 1355 1389 1304 1752 2409 2659 2681 2590 2358 2076 2259 2572 2692 2539 2974 2823 2681 2276 1962 1941 1871 1312 1150 938 1326 1778 1777 2083 2496 2625 2443 2277 2304 2522 2121 2177 2533 2513 2216 1807 1749 1648 1436 1155 1054 1140 1283 1331 1347 1080 1454 1916 1977 1901 1916 2251 2219 2089 1836 1944 2115 2070 1978 1641 1555 1261 1118 922 1016 1081 1407
2133 2137 2278 2048 1968 2018 1712 1362 1240 1178 865 626 651 872 1349 1473 1746 1945 2051 1607 1440 2085 2348 2488 2676 2512 2685 2544 2721 2888 2458 2742 2912 2625 2395 2326 2384 2399 1813 1003 910 1547 2038 2015 2052 2207 2602 2888 2575 2303 2375 2154 1933 2371 2272 1965 1654 1496 1245 1159 1108 1480 1564 1630 1614 1815 1244 1457 1871 2084 2173 1983 2497 2242 2089 2062 2139 2072 2012 1874 1581 1412 1187 902 915 1284 1474 1302
2691 2524 2242 2239 2192 1921 1758 1293 1501 1608 1464 955 676 902 1867 2109 2249 2452 2495 2065 1795 1721 2155 2502 3030 3060 2892 2976 3125 2953 2607 2405 2733 2880 2909 2714 2294 2141 1528 951 1151 1944 2283 2267 1954 2393 2915 2753 2763 2142 2049 2121 1718 1968 2068 1776 1493 1338 1173 1098 1435 1889 1979 1994 2122 1919 1315 1367 1724 1993 2491 2316 2627 2423 2229 2172 2281 2122 1903 1778 1503 1327 1040 927 1053 1477 1739 1317
2614 2409 2107 2027 1916 1621 1431 1561 1817 1988 822 875 897 784 1650 1989 2153 2397 2689 2520 2334 1809 2138 2436 3213 3000 3202 3069 3089 2905 2648 2129 2070 2594 2900 2647 2196 2107 1726 1017 1394 2125 2446 2389 2155 2662 2788 2719 2474 2214 1825 1823 1596 1650 1627 1826 1480 1318 1329 1228 1857 2092 2179 2240 2041 1738 1428 1278 1929 2198 2609 2568 2551 2357 2181 2333 2350 2166 1830 1659 1423 1200 1083 933 1207 1671 1856 2062
2511 2235 2079 2023 1609 1444 1394 1945 2319 1539 870 1225 1489 919 1248 1415 2020 2155 2380 2463 2433 2169 2229 2595 3148 2955 2546 2690 2771 3054 2841 2464 2219 2087 2620 2364 2058 2074 1718 1052 1539 2288 2456 2590 2311 2655 2405 2708 1975 2086 1720 1472 1417 1364 1327 1340 1276 1271 1550 1289 1541 1875 2191 2386 2166 1897 1832 1519 1582 1915 2397 2662 2523 2351 2314 2189 2135 2014 1687 1447 1331 1453 1782 1002 1347 1830 1954 2277
2236 2126 1855 1731 1562 1852 1971 1914 2483 1362 1160 1596 1762 1328 887 951 1564 1928 2158 2935 2903 2566 2473 2590 3073 3176 2609 2201 2437 2680 3020 2616 2354 1816 1839 2080 1698 1622 1269 1091 1455 1961 2274 2562 2465 2405 2148 2284 1974 1795 1580 1404 1523 1477 1450 1481 1660 1617 1448 1292 1537 1949 2268 2636 2385 1991 2149 2013 1355 1537 2159 2451 2481 2182 2222 2137 1923 1560 1260 1460 1616 1772 1939 1556 1092 1597 1747 2307
1866 1871 1876 1750 1789 2559 2381 2321 2385 1469 1386 1913 2058 1739 1394 1084 1120 1584 1968 2424 2793 2775 2746 2730 2997 3065 2717 2208 1986 2336 2574 2520 2413 2169 1599 1404 1280 1281 1495 1547 1759 2228 2405 2292 2128 2072 2131 1985 1900 1655 1536 1830 1961 1577 1835 1689 1891 1882 1591 1334 1895 2039 2240 2638 2477 2438 2386 2045 1603 1448 2165 2486 2573 2303 2191 2103 1850 1453 1606 1608 2200 2041 1962 1662 1128 1849 2115 2550
1669 1748 1959 1876 2421 2825 2662 2552 2228 1693 1499 2089 2472 2271 1775 1397 1072 1274 1651 2403 2806 3075 2952 2856 3137 3334 3066 2610 2378 1898 1952 2087 2018 1654 1538 1679 1788 1877 1678 1847 2114 2288 2153 2021 2345 2210 2020 1822 1606 1647 1945 2230 2011 1758 2133 1861 2388 2234 1550 1528 2187 1995 2166 2515 2414 2186 2182 2173 2063 2024 1964 2387 2455 2004 1923 1853 1648 1452 2105 1891 2324 2484 2217 1971 1218 1933 2028 2377
1492 1586 2441 3122 2877 2952 2917 2632 2396 1805 1498 1815 2482 2674 1943 1889 1619 1173 1575 2644 2672 2869 3070 2982 3191 3244 3528 2829 2560 2179 1838 1792 1792 1816 2036 2226 2342 2324 1806 1615 1880 1930 1926 2320 2521 2381 2115 2333 1941 2234 2563 2165 1908 2242 2454 2389 2274 2009 1495 1597 1966 2175 2141 2603 2634 2397 2527 2664 2614 2601 2086 2276 2430 2223 1991 1645 1582 1658 1970 2435 2358 2593 2288 1943 1251 2128 2087 2205
1364 1609 2892 3282 3434 3135 3096 2742 2496 2170 1889 1994 2007 2407 2686 2515 2062 1194 1676 2441 2473 2798 3257 3124 3037 3156 3355 2802 2569 2483 2822 2531 2751 2719 2540 2424 2093 1845 1438 1614 1660 1633 1648 2323 2613 2546 2272 2423 1956 2174 2465 2188 1908 2387 2567 2491 1976 1674 1716 1999 2263 2394 2562 2912 2980 2493 2669 2865 2935 2732 2259 2208 2437 1993 1884 2124 1829 1845 2105 2604 2603 2620 2057 1773 1263 2139 2383 2515
2177 1768 2182 2610 3199 3279 3089 2769 2695 2722 2332 2067 2315 2590 2754 2465 2169 1341 1452 2045 1902 2472 2959 2880 2864 2860 3241 3030 2891 2779 2692 2743 2686 2417 2059 1919 1655 1522 1610 2083 2122 2137 1929 1882 2295 2679 2264 2213 2031 2122 2562 2168 1967 2578 2781 2410 1705 1759 1682 2153 2556 2714 2866 3043 2975 2640 2686 2601 2611 2488 2225 2293 2488 2261 2239 2129 1806 1974 2231 2766 2512 2314 1882 1607 1358 1932 2222 2716
2761 2525 2452 2658 3036 3370 3232 2844 2624 2454 2215 2147 2603 2894 2625 2420 1780 1450 1424 1889 2099 2454 2884 2663 2771 2828 3276 2830 2683 2500 2382 2243 2272 2033 1670 1536 1618 1733 1919 2246 2412 2467 2311 1774 1959 2420 2278 2396 2190 2133 2690 2082 2246 2774 2855 2309 1697 2043 1701 1876 2730 2937 3002 2944 2555 2210 2375 2384 2334 2291 2335 2425 2609 2356 2075 1987 1723 2261 2611 2701 2287 2086 1631 1393 1512 2165 2083 2302
2846 2930 3178 3030 3017 3032 3202 2941 2768 2408 2331 2404 2888 2734 2423 2343 2318 1788 1475 1928 2396 2688 2773 2605 2712 2954 2995 2792 2629 2372 2483 2118 1891 1562 1635 1746 2062 1807 2142 2507 2622 2677 2564 2240 1931 2432 2324 2465 2383 2164 2649 2180 2544 2675 2586 2242 1804 2201 1997 1723 2363 2620 2762 2728 2442 1990 2397 2665 2578 2424 2267 2600 2748 2748 2236 1782 1960 2442 2689 2439 2084 1870 1451 1472 1563 2140 2381 2312
2233 2414 3211 3540 3245 2773 2669 3128 2965 2696 2802 2743 2904 2773 2595 2583 2598 2309 1950 1744 2173 2718 2784 2534 2702 2931 2695 2604 2470 2212 2267 1884 1629 1762 2063 2175 2088 1762 2142 2733 2734 2608 2461 2339 2078 2303 2398 2571 2491 2252 2712 2424 2705 2535 2462 1861 1830 2392 2238 1941 2103 2164 2366 2650 2515 1841 2124 2498 2380 2143 2201 2318 2686 2778 2398 2132 2215 2658 2708 2369 1920 1665 1753 1890 1810 1671 2387 2478
1895 2066 2907 3308 3700 2977 2643 2572 2876 3040 3088 3057 2978 2938 2619 2413 2276 2197 2111 1767 2010 2652 2657 2413 2492 2827 2555 2372 2053 1924 1901 1772 1632 2123 2341 2496 2034 1838 2178 2454 2593 2627 2453 2176 2113 2281 2521 2689 2577 2376 2692 2624 2515 2212 2245 1908 2234 2626 2472 2079 2296 2207 2531 2617 2233 1573 1782 2241 2231 1955 1913 2073 2428 2722 2618 2345 2463 2734 2546 2083 1718 1846 2194 2266 2006 1760 2282 2651
2372 2486 2605 3086 3441 3197 2831 2480 2457 2706 2809 2917 2744 2742 2792 2705 2553 2482 2342 1841 1862 2566 2398 2253 2463 2606 2488 2215 2274 2280 2194 1895 1764 2333 2509 2380 2089 1986 2578 2457 2629 2796 2644 2307 2320 2559 2576 2760 2528 2616 2659 2756 2562 2172 1991 2019 2360 2879 2486 2350 2574 2504 2410 2431 2161 1461 1556 2182 1928 1738 1970 2091 2537 2740 2859 2580 2708 2512 2205 1860 2065 2486 2590 2440 1881 1933 2278 2653
2909 2783 2612 2975 2981 3358 3268 2622 2421 2341 2282 2330 2146 2147 2258 2343 2430 2084 1916 1909 1909 2403 1882 1831 2128 2178 2468 2364 2643 2498 2384 1911 1937 2399 2459 2367 2018 2048 2428 2564 2578 2609 2706 2413 2528 2385 2394 2553 2586 2660 2556 2600 2530 2110 1908 2093 2494 2990 2643 2645 2605 2354 2052 2123 2029 1344 1366 1951 1825 1593 2198 2384 2819 2610 2015 2145 2083 1850 2026 2430 2407 2597 2447 2213 2071 2250 2652 2462
