pygslib/data/sic97data_01/demstd.grd
ncols         376
nrows         253
xllcorner     -185556.375
yllcorner     -127261.5234375
cellsize      1009.975
NODATA_value  -9999
[rows 39 to 77 of 253, columns 176 to 263 of 376]
637 503 560 536 481 452 457 454 405 337 324 342 418 332 330 330 354 411 358 361 375 377 384 400 393 398 438 556 466 455 489 482 487 502 510 508 466 437 403 359 385 370 374 403 410 410 418 418 437 465 467 475 440 436 454 443 462 549 592 614 607 647 627 574 552 538 515 529 523 517 503 516 506 505 515 527 534 540 532 534 531 530 529 510 499 486 460 441
591 521 504 471 433 402 419 349 315 312 325 316 327 324 324 322 326 400 494 446 375 374 381 389 413 537 604 596 509 470 484 480 497 429 416 425 451 472 358 357 376 369 374 401 405 410 413 409 413 433 449 485 480 463 462 448 438 440 455 506 546 636 592 527 527 482 480 483 470 451 435 444 454 469 503 510 514 509 504 501 520 528 541 545 539 512 503 473
564 439 464 440 408 343 326 311 310 326 377 324 344 350 394 320 321 329 507 451 446 513 510 611 637 608 597 596 563 546 514 453 420 407 412 425 438 440 392 345 375 388 407 358 358 368 394 388 382 442 448 468 482 483 510 484 470 446 459 454 454 466 479 479 472 437 443 429 421 408 411 416 430 438 457 468 473 483 496 502 521 537 565 571 567 543 533 508
518 454 416 380 345 311 309 318 324 356 349 314 332 371 441 390 329 332 368 402 422 447 551 617 599 516 476 491 469 450 462 396 390 406 413 424 419 414 356 350 353 368 366 355 367 386 390 381 375 378 386 382 409 463 516 500 493 474 479 480 463 448 426 437 422 413 402 400 404 400 403 409 412 414 437 477 486 523 534 543 541 549 575 565 564 556 545 523
439 435 363 337 313 313 341 367 386 406 347 317 316 345 500 499 378 333 349 364 471 553 579 495 475 437 484 426 387 384 380 383 386 406 409 412 434 387 343 349 350 384 375 464 416 428 438 425 422 391 371 372 375 375 379 427 497 484 484 476 459 450 396 393 395 395 398 403 407 404 406 408 412 412 418 522 592 625 632 621 583 562 539 536 533 530 526 518
390 376 319 335 434 450 526 499 469 412 352 333 318 316 400 477 444 359 341 345 503 536 472 386 359 433 458 385 379 370 368 368 368 374 408 455 455 390 346 352 360 417 418 482 427 428 439 444 451 436 417 384 381 378 376 377 379 385 389 385 387 389 390 394 397 397 399 414 418 429 424 409 470 442 418 422 428 471 505 511 504 499 489 489 490 492 497 499
340 322 310 337 459 510 457 521 494 436 415 392 325 320 349 450 430 465 344 337 346 353 371 340 396 347 352 362 362 364 354 443 476 390 368 399 458 387 421 408 406 416 420 480 486 441 436 458 482 480 480 441 435 412 398 379 379 384 387 388 388 392 394 395 518 529 606 654 666 608 567 555 509 475 455 424 426 430 432 433 435 439 450 464 470 491 484 476
317 309 400 446 369 396 396 493 543 458 431 407 323 321 360 365 373 516 412 511 466 434 446 410 459 385 375 363 398 411 364 374 406 422 407 389 440 413 524 471 419 465 463 493 500 467 442 461 473 479 486 446 438 444 422 413 410 410 410 409 407 407 454 495 550 587 623 642 638 636 571 563 519 505 494 443 444 433 434 435 439 439 448 473 479 462 461 450
489 334 437 525 401 461 420 546 517 499 462 370 348 351 397 404 403 535 513 460 522 522 446 510 508 434 483 406 513 473 401 443 375 412 416 474 392 494 607 611 473 496 517 587 481 442 425 430 445 475 485 500 469 436 446 451 433 431 445 476 475 427 478 512 583 570 551 573 584 612 584 541 527 526 509 474 472 474 468 442 443 447 458 483 462 463 475 489
491 434 440 487 407 508 482 493 545 554 498 408 354 356 411 411 391 532 573 568 549 527 556 502 558 482 464 564 616 501 413 477 461 411 435 442 469 375 434 513 654 601 545 555 503 419 427 429 439 451 477 493 491 464 465 463 512 508 466 537 541 469 446 485 541 540 599 617 618 575 535 516 550 526 503 543 535 495 487 510 453 451 451 459 476 521 534 546
517 472 456 595 573 537 542 631 641 590 399 348 355 358 421 428 483 431 422 450 564 600 516 573 523 614 569 485 537 457 420 460 440 405 432 439 519 467 390 416 467 552 547 435 421 462 431 430 468 456 454 461 468 493 505 506 549 571 528 538 535 555 489 440 488 501 599 633 539 468 469 485 496 497 538 555 556 530 506 495 488 479 454 456 493 538 557 567
558 600 522 568 557 514 507 491 480 541 390 361 351 365 483 494 555 510 452 422 484 504 481 600 585 612 610 503 517 492 421 420 425 412 412 421 503 546 419 427 440 384 389 395 398 478 441 498 475 512 496 460 460 470 494 531 590 593 594 555 573 526 472 458 452 461 465 464 468 463 477 515 527 553 604 582 575 569 557 547 507 508 533 504 463 562 559 556
568 584 504 571 613 483 456 434 431 385 365 364 345 442 532 567 565 589 507 452 472 461 456 603 611 648 634 534 502 510 421 412 407 417 417 417 513 568 424 425 525 500 436 453 451 411 424 445 459 501 533 457 459 482 524 587 577 588 558 607 608 521 491 471 464 489 485 472 489 504 519 533 593 605 630 658 663 621 592 588 583 579 559 559 474 569 576 561
499 491 500 565 577 560 516 527 436 377 378 475 329 372 425 548 585 607 512 466 441 461 494 457 463 510 529 514 484 484 414 408 411 425 431 426 530 576 466 427 523 563 577 532 506 452 454 505 435 450 478 456 462 473 508 525 502 516 509 585 524 508 517 513 484 468 489 534 542 516 524 567 618 675 676 681 744 627 611 648 620 607 573 578 544 564 563 482
431 427 496 482 581 564 553 482 474 387 495 391 328 334 365 405 435 571 517 495 470 504 537 516 490 469 471 469 442 436 410 410 420 431 437 431 507 566 517 438 499 566 567 646 569 485 450 431 438 446 449 456 491 537 523 526 574 601 525 507 508 513 523 551 487 484 488 507 511 530 538 575 662 648 713 739 652 635 698 672 664 633 580 584 568 472 499 593
434 437 455 475 569 556 513 500 442 399 340 331 331 376 368 368 358 430 516 508 528 577 655 671 648 599 581 509 434 418 412 415 423 432 434 428 512 538 511 472 455 494 546 639 611 587 478 435 496 496 452 459 477 577 556 563 594 656 606 542 572 556 532 550 590 560 511 507 506 514 522 545 627 657 693 654 611 664 678 659 537 547 570 583 519 514 520 555
483 470 503 525 572 528 503 413 378 339 343 343 373 402 531 515 451 375 358 535 660 649 674 627 654 674 715 593 466 433 424 420 429 423 427 423 465 507 530 551 561 571 546 597 620 631 488 449 508 552 543 496 483 549 618 602 605 669 618 612 572 563 546 560 613 631 569 526 516 506 513 546 700 603 653 619 532 527 535 531 548 565 579 557 481 518 532 577
497 486 513 564 575 467 398 341 339 376 367 398 383 450 521 558 512 406 369 420 461 478 513 488 503 562 608 620 490 480 443 427 458 419 418 418 428 471 511 515 569 611 598 597 599 603 532 457 491 541 518 503 505 558 603 641 675 690 687 671 638 600 675 561 610 564 567 566 534 560 581 562 577 575 515 511 505 508 510 556 561 565 488 481 506 550 579 590
564 511 577 668 584 475 373 352 445 446 381 416 375 375 479 480 434 421 367 397 434 489 476 442 459 472 494 499 516 495 461 465 444 421 420 420 426 432 466 481 549 536 575 572 585 584 571 513 566 470 504 488 549 529 620 645 624 691 740 745 791 601 656 597 582 578 583 578 556 654 616 586 565 546 509 511 528 514 501 489 489 494 493 522 584 552 614 610
634 597 622 677 514 375 353 384 414 407 385 394 394 372 387 421 421 474 405 384 409 463 448 428 422 418 420 426 435 446 489 500 460 449 436 420 429 432 441 450 469 512 507 547 529 541 517 486 626 620 670 589 533 529 544 529 600 586 627 722 773 611 762 623 594 686 616 573 595 643 598 604 560 552 540 567 571 554 537 517 509 516 581 617 601 595 587 612
682 680 552 516 458 366 352 375 441 398 388 391 396 398 396 410 419 524 573 407 404 427 426 458 469 436 425 471 434 435 445 446 448 485 479 433 423 432 460 473 475 453 453 514 525 534 512 503 604 648 668 567 611 617 571 590 550 605 576 626 620 621 699 745 696 602 611 582 584 618 641 634 598 595 558 570 583 633 634 539 548 535 606 617 608 610 596 607
737 668 589 662 566 448 386 394 520 500 407 405 408 396 384 413 424 454 522 666 478 426 393 390 411 479 533 540 498 475 472 457 442 441 441 444 438 427 462 473 465 447 453 484 480 521 514 525 566 605 620 594 618 672 621 630 671 612 622 698 701 769 776 749 671 645 599 590 674 711 725 691 660 650 557 569 590 606 585 579 586 581 581 601 627 620 610 630
511 504 534 522 451 419 388 371 405 461 474 414 419 406 348 379 415 427 461 613 618 539 403 389 384 400 471 475 554 571 510 505 459 450 450 440 430 424 465 474 458 440 463 498 497 505 513 534 526 560 598 645 634 715 650 655 718 638 586 689 717 715 723 755 716 686 693 623 665 750 727 683 670 657 607 562 657 656 650 640 642 626 616 614 633 645 632 646
385 364 361 360 358 357 358 371 386 406 429 429 418 411 362 357 375 410 421 574 665 602 429 390 386 385 401 454 412 431 488 514 518 478 447 440 426 426 428 436 440 434 435 490 500 508 518 525 524 547 575 630 692 662 627 624 709 681 587 652 655 728 802 803 716 789 661 637 748 753 773 723 748 695 596 570 710 764 717 725 711 645 643 619 600 611 632 644
366 374 371 371 369 376 382 390 398 414 401 432 516 528 482 387 368 384 399 523 677 711 546 416 395 386 390 389 393 395 396 419 504 536 499 466 458 438 428 429 431 435 435 465 478 488 526 536 531 516 545 603 665 621 687 655 697 695 630 665 732 684 703 767 808 777 701 704 792 818 799 734 765 690 573 593 663 640 659 685 728 722 722 674 675 659 648 708
381 384 385 385 392 394 396 403 395 430 404 410 499 515 529 469 390 362 402 467 634 731 609 471 417 408 397 401 423 427 396 397 399 433 442 485 530 549 467 442 437 440 439 444 448 470 508 520 546 518 532 570 612 639 710 721 754 733 602 664 740 779 788 773 821 790 771 738 806 769 746 710 700 668 594 561 698 746 784 823 809 804 786 754 741 759 694 804
390 388 404 405 400 403 408 411 404 437 417 408 428 465 520 488 417 368 363 421 582 669 662 508 436 470 408 488 490 482 414 402 402 403 402 474 562 639 532 520 459 443 442 444 443 457 476 492 549 555 527 547 566 658 702 758 754 692 612 615 729 753 800 850 818 824 847 765 867 852 825 774 727 669 604 574 618 651 762 727 742 785 777 878 805 774 807 863
405 392 420 416 447 412 420 419 416 488 454 419 417 412 525 482 441 367 360 360 516 601 655 519 446 506 435 499 595 574 451 418 412 410 409 431 492 589 619 611 512 482 437 438 441 446 466 481 516 538 534 540 548 600 659 703 664 651 663 616 787 841 805 789 915 927 836 806 800 755 772 708 694 682 614 586 798 754 627 685 705 792 844 858 829 886 861 855
404 398 435 484 446 425 431 429 471 487 482 481 426 409 492 492 456 398 371 360 443 530 574 491 553 474 472 487 559 599 530 453 427 416 412 411 439 533 662 668 597 555 468 435 435 444 458 468 496 515 571 540 542 561 585 633 676 679 756 679 635 744 706 815 810 986 888 919 821 812 736 840 752 722 634 596 794 813 686 757 755 743 764 796 962 904 841 928
413 421 430 506 540 441 440 450 512 519 561 515 427 415 411 478 490 429 419 373 386 483 549 586 620 578 508 499 552 583 680 671 468 420 421 406 418 471 586 617 630 626 560 435 435 435 459 456 479 490 559 547 537 544 560 645 670 772 828 752 813 803 764 817 723 797 809 861 919 789 820 854 766 712 640 592 751 759 762 759 843 821 870 845 978 873 874 867
522 491 420 421 504 470 459 443 461 512 639 594 438 422 415 429 478 441 431 383 370 410 544 599 643 607 580 471 511 511 655 746 540 423 422 406 408 467 528 571 641 658 613 487 435 435 441 450 466 478 509 569 568 537 539 595 745 808 785 759 800 906 893 892 734 785 876 966 860 833 923 878 797 714 647 599 729 839 734 741 779 911 1004 964 1010 987 1023 1023
540 521 478 430 484 529 477 448 450 521 671 662 532 437 427 423 425 460 452 449 377 395 521 562 614 578 546 519 519 528 592 559 724 433 434 406 406 416 541 606 643 640 701 628 528 446 435 441 451 470 519 538 550 538 542 569 678 716 703 732 855 871 948 819 778 775 896 910 888 898 1031 957 784 733 708 633 763 870 817 772 856 902 1041 875 898 971 943 902
566 604 546 447 502 586 573 493 461 460 535 586 608 512 494 496 436 429 428 455 429 389 382 438 547 590 611 587 639 529 584 565 668 450 455 427 406 406 516 561 597 615 699 657 597 479 439 435 442 444 502 540 552 534 540 555 603 645 762 765 812 990 921 758 841 802 1068 967 1034 1003 894 786 852 855 715 652 754 837 845 692 692 783 795 855 951 893 873 910
566 608 537 457 533 545 564 585 494 450 502 548 560 515 538 564 542 431 430 460 460 416 379 386 485 566 577 627 572 532 610 562 700 453 447 473 406 406 449 524 625 637 645 698 653 532 478 438 444 447 474 519 529 537 532 549 590 632 782 821 860 937 877 783 869 1018 973 1009 1135 1008 858 921 999 861 789 669 767 856 1051 808 756 825 734 820 819 823 943 1015
588 605 492 464 558 674 666 617 558 451 449 504 524 526 605 552 570 462 436 443 456 443 379 379 469 516 553 585 525 558 642 600 713 493 452 495 430 406 418 497 625 661 677 762 739 572 527 449 442 443 476 489 520 549 541 539 568 600 690 736 876 936 861 793 919 1112 843 929 1016 1116 899 1067 1091 856 852 634 811 881 956 881 888 794 840 778 897 939 1085 1109
584 611 542 472 531 611 716 684 658 501 449 478 539 528 633 624 599 501 452 436 438 454 380 381 435 481 503 515 563 642 655 583 762 514 471 546 480 406 406 436 570 619 702 809 800 602 554 488 447 446 445 449 509 537 541 549 556 566 628 706 858 931 858 733 846 1128 1049 1061 974 1016 1074 1158 1065 944 891 653 710 802 916 935 921 819 907 795 976 1011 993 1033
502 546 598 539 489 553 605 702 704 556 449 452 536 550 669 684 635 517 477 442 442 450 381 381 404 458 476 485 546 602 708 603 798 590 525 548 525 406 406 406 553 584 660 737 788 689 582 511 466 481 451 450 486 520 535 542 555 564 602 663 886 963 838 690 808 906 1103 1176 930 919 1092 1135 1027 876 822 703 631 747 844 892 871 967 1020 818 929 967 1068 1124
577 571 585 596 519 507 534 640 688 557 449 449 543 584 665 737 687 585 529 448 450 450 383 382 401 454 484 473 494 595 664 624 850 654 571 489 559 441 406 406 451 506 571 644 704 728 662 533 491 491 497 488 492 511 523 537 536 544 571 615 863 918 832 703 745 906 1114 1014 814 856 989 1153 1075 1043 955 774 611 633 852 956 1025 1057 1106 937 917 1017 1205 1249
603 629 592 594 614 513 509 649 740 596 449 449 537 604 669 745 736 627 590 479 459 459 385 384 383 437 487 482 496 540 683 712 688 783 684 509 531 486 406 406 406 431 522 559 565 640 663 571 503 509 517 511 496 500 526 525 518 516 539 571 709 712 716 658 764 926 977 864 789 907 1083 979 910 960 844 901 751 627 659 791 979 1052 1067 1014 1054 1014 1040 1137
