 error  :            0
 number of equations     :            3
 number of drift terms   :            1
 error  :            0
 est    :    111.00000000000000     
 estv   :    9.5340995760975673     
 estt   :    111.00000000000000     
 estvt  :    10.798555254936218     
 w      :    0.0000000000000000        0.0000000000000000     
 wt     :    0.0000000000000000        3.4584595208887258E-323
 [   1.0000000000000000       0.59711045945093633        1.0000000000000000      ] [  0.63222782589809068      ] [  0.49999999999999994      ]
 [  0.59711045945093633        1.0000000000000000        1.0000000000000000      ] [  0.63222782589809068      ] [  0.50000000000000000      ]
 [   1.0000000000000000        1.0000000000000000        0.0000000000000000      ] [   1.0000000000000000      ] [ -0.16632740382737746      ]
